
          Cluster ID     Prize
                  C0       610
                  C1       640
                  C2       675
                  C3       675
                  C4       703
                  C5       715
                  C6       720
                  C7       780
                  C8       805
                  C9       832
                 C10       840
                 C11       840
                 C12       870
                 C13       915
                 C14       935
                 C15       967
                 C16       985
                 C17       996
                 C18      1000
                 C19      1025
                 C20      1035
                 C21      1050
                 C22      1050
                 C23      1084
                 C24      1100
                 C25      1110
                 C26      1149
                 C27      1193
                 C28      1200
                 C29      1200
                 C30      1215
                 C31      1220
                 C32      1250
                 C33      1294
                 C34      1355
                 C35      1400
                 C36      1471
                 C37      1500
                 C38      1500
                 C39      1547
                 C40      1595
                 C41      1636
                 C42      1795
                 C43      1862
                 C44      1883
                 C45      1899
                 C46      1940

        C0   C1   C2   C3   C4   C5   C6   C7   C8   C9  C10  C11  C12  C13  C14  C15  C16  C17  C18  C19  C20  C21  C22  C23  C24  C25  C26  C27  C28  C29  C30  C31  C32  C33  C34  C35  C36  C37  C38  C39  C40  C41  C42  C43  C44  C45  C46
   C0    0   30   65   65   93  105  110  170  195  222  230  230  260  305  325  357  375  386  390  415  425  440  440  474  490  500  539  583  590  590  605  610  640  684  745  790  861  890  890  937  985 1026 1185 1252 1273 1289 1330
   C1   30    0   35   35   63   75   80  140  165  192  200  200  230  275  295  327  345  356  360  385  395  410  410  444  460  470  509  553  560  560  575  580  610  654  715  760  831  860  860  907  955  996 1155 1222 1243 1259 1300
   C2   65   35    0    0   28   40   45  105  130  157  165  165  195  240  260  292  310  321  325  350  360  375  375  409  425  435  474  518  525  525  540  545  575  619  680  725  796  825  825  872  920  961 1120 1187 1208 1224 1265
   C3   65   35    0    0   28   40   45  105  130  157  165  165  195  240  260  292  310  321  325  350  360  375  375  409  425  435  474  518  525  525  540  545  575  619  680  725  796  825  825  872  920  961 1120 1187 1208 1224 1265
   C4   93   63   28   28    0   12   17   77  102  129  137  137  167  212  232  264  282  293  297  322  332  347  347  381  397  407  446  490  497  497  512  517  547  591  652  697  768  797  797  844  892  933 1092 1159 1180 1196 1237
   C5  105   75   40   40   12    0    5   65   90  117  125  125  155  200  220  252  270  281  285  310  320  335  335  369  385  395  434  478  485  485  500  505  535  579  640  685  756  785  785  832  880  921 1080 1147 1168 1184 1225
   C6  110   80   45   45   17    5    0   60   85  112  120  120  150  195  215  247  265  276  280  305  315  330  330  364  380  390  429  473  480  480  495  500  530  574  635  680  751  780  780  827  875  916 1075 1142 1163 1179 1220
   C7  170  140  105  105   77   65   60    0   25   52   60   60   90  135  155  187  205  216  220  245  255  270  270  304  320  330  369  413  420  420  435  440  470  514  575  620  691  720  720  767  815  856 1015 1082 1103 1119 1160
   C8  195  165  130  130  102   90   85   25    0   27   35   35   65  110  130  162  180  191  195  220  230  245  245  279  295  305  344  388  395  395  410  415  445  489  550  595  666  695  695  742  790  831  990 1057 1078 1094 1135
   C9  222  192  157  157  129  117  112   52   27    0    8    8   38   83  103  135  153  164  168  193  203  218  218  252  268  278  317  361  368  368  383  388  418  462  523  568  639  668  668  715  763  804  963 1030 1051 1067 1108
  C10  230  200  165  165  137  125  120   60   35    8    0    0   30   75   95  127  145  156  160  185  195  210  210  244  260  270  309  353  360  360  375  380  410  454  515  560  631  660  660  707  755  796  955 1022 1043 1059 1100
  C11  230  200  165  165  137  125  120   60   35    8    0    0   30   75   95  127  145  156  160  185  195  210  210  244  260  270  309  353  360  360  375  380  410  454  515  560  631  660  660  707  755  796  955 1022 1043 1059 1100
  C12  260  230  195  195  167  155  150   90   65   38   30   30    0   45   65   97  115  126  130  155  165  180  180  214  230  240  279  323  330  330  345  350  380  424  485  530  601  630  630  677  725  766  925  992 1013 1029 1070
  C13  305  275  240  240  212  200  195  135  110   83   75   75   45    0   20   52   70   81   85  110  120  135  135  169  185  195  234  278  285  285  300  305  335  379  440  485  556  585  585  632  680  721  880  947  968  984 1025
  C14  325  295  260  260  232  220  215  155  130  103   95   95   65   20    0   32   50   61   65   90  100  115  115  149  165  175  214  258  265  265  280  285  315  359  420  465  536  565  565  612  660  701  860  927  948  964 1005
  C15  357  327  292  292  264  252  247  187  162  135  127  127   97   52   32    0   18   29   33   58   68   83   83  117  133  143  182  226  233  233  248  253  283  327  388  433  504  533  533  580  628  669  828  895  916  932  973
  C16  375  345  310  310  282  270  265  205  180  153  145  145  115   70   50   18    0   11   15   40   50   65   65   99  115  125  164  208  215  215  230  235  265  309  370  415  486  515  515  562  610  651  810  877  898  914  955
  C17  386  356  321  321  293  281  276  216  191  164  156  156  126   81   61   29   11    0    4   29   39   54   54   88  104  114  153  197  204  204  219  224  254  298  359  404  475  504  504  551  599  640  799  866  887  903  944
  C18  390  360  325  325  297  285  280  220  195  168  160  160  130   85   65   33   15    4    0   25   35   50   50   84  100  110  149  193  200  200  215  220  250  294  355  400  471  500  500  547  595  636  795  862  883  899  940
  C19  415  385  350  350  322  310  305  245  220  193  185  185  155  110   90   58   40   29   25    0   10   25   25   59   75   85  124  168  175  175  190  195  225  269  330  375  446  475  475  522  570  611  770  837  858  874  915
  C20  425  395  360  360  332  320  315  255  230  203  195  195  165  120  100   68   50   39   35   10    0   15   15   49   65   75  114  158  165  165  180  185  215  259  320  365  436  465  465  512  560  601  760  827  848  864  905
  C21  440  410  375  375  347  335  330  270  245  218  210  210  180  135  115   83   65   54   50   25   15    0    0   34   50   60   99  143  150  150  165  170  200  244  305  350  421  450  450  497  545  586  745  812  833  849  890
  C22  440  410  375  375  347  335  330  270  245  218  210  210  180  135  115   83   65   54   50   25   15    0    0   34   50   60   99  143  150  150  165  170  200  244  305  350  421  450  450  497  545  586  745  812  833  849  890
  C23  474  444  409  409  381  369  364  304  279  252  244  244  214  169  149  117   99   88   84   59   49   34   34    0   16   26   65  109  116  116  131  136  166  210  271  316  387  416  416  463  511  552  711  778  799  815  856
  C24  490  460  425  425  397  385  380  320  295  268  260  260  230  185  165  133  115  104  100   75   65   50   50   16    0   10   49   93  100  100  115  120  150  194  255  300  371  400  400  447  495  536  695  762  783  799  840
  C25  500  470  435  435  407  395  390  330  305  278  270  270  240  195  175  143  125  114  110   85   75   60   60   26   10    0   39   83   90   90  105  110  140  184  245  290  361  390  390  437  485  526  685  752  773  789  830
  C26  539  509  474  474  446  434  429  369  344  317  309  309  279  234  214  182  164  153  149  124  114   99   99   65   49   39    0   44   51   51   66   71  101  145  206  251  322  351  351  398  446  487  646  713  734  750  791
  C27  583  553  518  518  490  478  473  413  388  361  353  353  323  278  258  226  208  197  193  168  158  143  143  109   93   83   44    0    7    7   22   27   57  101  162  207  278  307  307  354  402  443  602  669  690  706  747
  C28  590  560  525  525  497  485  480  420  395  368  360  360  330  285  265  233  215  204  200  175  165  150  150  116  100   90   51    7    0    0   15   20   50   94  155  200  271  300  300  347  395  436  595  662  683  699  740
  C29  590  560  525  525  497  485  480  420  395  368  360  360  330  285  265  233  215  204  200  175  165  150  150  116  100   90   51    7    0    0   15   20   50   94  155  200  271  300  300  347  395  436  595  662  683  699  740
  C30  605  575  540  540  512  500  495  435  410  383  375  375  345  300  280  248  230  219  215  190  180  165  165  131  115  105   66   22   15   15    0    5   35   79  140  185  256  285  285  332  380  421  580  647  668  684  725
  C31  610  580  545  545  517  505  500  440  415  388  380  380  350  305  285  253  235  224  220  195  185  170  170  136  120  110   71   27   20   20    5    0   30   74  135  180  251  280  280  327  375  416  575  642  663  679  720
  C32  640  610  575  575  547  535  530  470  445  418  410  410  380  335  315  283  265  254  250  225  215  200  200  166  150  140  101   57   50   50   35   30    0   44  105  150  221  250  250  297  345  386  545  612  633  649  690
  C33  684  654  619  619  591  579  574  514  489  462  454  454  424  379  359  327  309  298  294  269  259  244  244  210  194  184  145  101   94   94   79   74   44    0   61  106  177  206  206  253  301  342  501  568  589  605  646
  C34  745  715  680  680  652  640  635  575  550  523  515  515  485  440  420  388  370  359  355  330  320  305  305  271  255  245  206  162  155  155  140  135  105   61    0   45  116  145  145  192  240  281  440  507  528  544  585
  C35  790  760  725  725  697  685  680  620  595  568  560  560  530  485  465  433  415  404  400  375  365  350  350  316  300  290  251  207  200  200  185  180  150  106   45    0   71  100  100  147  195  236  395  462  483  499  540
  C36  861  831  796  796  768  756  751  691  666  639  631  631  601  556  536  504  486  475  471  446  436  421  421  387  371  361  322  278  271  271  256  251  221  177  116   71    0   29   29   76  124  165  324  391  412  428  469
  C37  890  860  825  825  797  785  780  720  695  668  660  660  630  585  565  533  515  504  500  475  465  450  450  416  400  390  351  307  300  300  285  280  250  206  145  100   29    0    0   47   95  136  295  362  383  399  440
  C38  890  860  825  825  797  785  780  720  695  668  660  660  630  585  565  533  515  504  500  475  465  450  450  416  400  390  351  307  300  300  285  280  250  206  145  100   29    0    0   47   95  136  295  362  383  399  440
  C39  937  907  872  872  844  832  827  767  742  715  707  707  677  632  612  580  562  551  547  522  512  497  497  463  447  437  398  354  347  347  332  327  297  253  192  147   76   47   47    0   48   89  248  315  336  352  393
  C40  985  955  920  920  892  880  875  815  790  763  755  755  725  680  660  628  610  599  595  570  560  545  545  511  495  485  446  402  395  395  380  375  345  301  240  195  124   95   95   48    0   41  200  267  288  304  345
  C41 1026  996  961  961  933  921  916  856  831  804  796  796  766  721  701  669  651  640  636  611  601  586  586  552  536  526  487  443  436  436  421  416  386  342  281  236  165  136  136   89   41    0  159  226  247  263  304
  C42 1185 1155 1120 1120 1092 1080 1075 1015  990  963  955  955  925  880  860  828  810  799  795  770  760  745  745  711  695  685  646  602  595  595  580  575  545  501  440  395  324  295  295  248  200  159    0   67   88  104  145
  C43 1252 1222 1187 1187 1159 1147 1142 1082 1057 1030 1022 1022  992  947  927  895  877  866  862  837  827  812  812  778  762  752  713  669  662  662  647  642  612  568  507  462  391  362  362  315  267  226   67    0   21   37   78
  C44 1273 1243 1208 1208 1180 1168 1163 1103 1078 1051 1043 1043 1013  968  948  916  898  887  883  858  848  833  833  799  783  773  734  690  683  683  668  663  633  589  528  483  412  383  383  336  288  247   88   21    0   16   57
  C45 1289 1259 1224 1224 1196 1184 1179 1119 1094 1067 1059 1059 1029  984  964  932  914  903  899  874  864  849  849  815  799  789  750  706  699  699  684  679  649  605  544  499  428  399  399  352  304  263  104   37   16    0   41
  C46 1330 1300 1265 1265 1237 1225 1220 1160 1135 1108 1100 1100 1070 1025 1005  973  955  944  940  915  905  890  890  856  840  830  791  747  740  740  725  720  690  646  585  540  469  440  440  393  345  304  145   78   57   41    0

 Ed distance array between cluster pairs.
0
205.67
239.948
0
191.958
82.2679
34.2783
411.339
171.391
185.103
54.8452
0
205.67
308.504
137.113
219.381
123.402
75.4122
27.4226
171.391
68.5565
102.835
0
233.092
109.69
68.5565
267.371
301.649
47.9896
0
102.835
34.2783
205.67
301.649
418.195
308.504
486.751
198.814
0
322.216
329.071
281.082
1090.05
459.329
143.969
109.69
Press any key to continue . . . 
281.082
 Shortest distnace is 0
 The cluster 3 is merged with previous.
 The cluster 11 is merged with previous.
 The cluster 22 is merged with previous.
 The cluster 29 is merged with previous.
 The cluster 38 is merged with previous.
 Newly created clusters.
C0
C1
C2C3
C4
C5
C6
C7
C8
C9
C10C11
C12
C13
C14
C15
C16
C17
C18
C19
C20
C21C22
C23
C24
C25
C26
C27
C28C29
C30
C31
C32
C33
C34
C35
C36
C37C38
C39
C40
C41
C42
C43
C44
C45
C46